data/image/2000_0101_004554_001.JPG 1164,1858,1352,1963,0 3648,1563,3918,1792,0 3781,1421,3943,1550,0
data/image/2000_0101_004601_002.JPG 3110,1233,3364,1463,0 560,2425,1110,2658,1 831,2958,1343,3204,1 1377,2858,1623,3067,0 1543,3158,1739,3338,0
data/image/2000_0101_004607_003.JPG 2298,2433,2581,2671,0 1143,2054,1264,2200,0 743,1913,1035,2150,0
data/image/2000_0101_004610_004.JPG 3114,1738,3377,1988,0 3493,3238,3814,3521,0
data/image/2000_0101_004612_005.JPG 1393,1267,2035,1458,1 3393,1263,3652,1521,0 2318,375,2460,504,0 4723,3054,4860,3158,0
data/image/2000_0101_004615_006.JPG 2093,821,2464,1163,0 2656,3688,3002,3883,0 2843,1658,3639,1896,1
data/image/2000_0101_004618_007.JPG 1685,1554,1873,1725,0 3735,1275,4631,1442,1 3773,1458,4648,1596,1 2848,3583,3893,3746,1
data/image/2000_0101_004621_008.JPG 1614,638,1918,913,0 2864,2079,3614,2313,1
data/image/2000_0101_004624_009.JPG 985,1188,1677,1438,1 3618,1554,4752,1846,1 2360,2929,3081,3096,1
data/image/2000_0101_004634_010.JPG 3431,2500,3743,2804,0 93,2638,831,2975,1 1764,2188,2885,2525,1 2823,383,3543,629,1
data/image/2000_0101_004636_011.JPG 2210,1688,3377,1933,1 2260,2367,2648,2625,0
data/image/2000_0101_004641_012.JPG 3473,42,3877,329,0 1860,600,2198,854,0 1448,2342,2227,2538,1 1573,2067,2352,2288,1
data/image/2000_0101_004645_013.JPG 2718,896,3068,1200,0 914,1779,1264,2054,0
data/image/2000_0101_004647_014.JPG 802,917,1118,1200,0 3748,571,4139,875,0 1339,2717,2106,2967,1 4952,3617,5168,3842,0
data/image/2000_0101_004650_015.JPG 856,108,1548,333,1 4785,146,5073,367,0 2010,2933,2389,3346,1 777,1046,1073,1342,0 1148,1121,1348,1346,0
data/image/2000_0101_004653_016.JPG 3931,2433,4356,2888,1 543,1275,818,1563,0 893,3192,1389,3854,1 2739,575,3056,838,0 3123,617,3289,896,1
data/image/2000_0101_004656_017.JPG 1535,846,2302,1050,1 2881,800,3181,1096,0 3102,2750,3739,3750,1
data/image/2000_0101_004659_018.JPG 1556,154,1885,438,0 2106,167,2302,396,0 3556,1658,4243,2750,1
data/image/2000_0101_004701_019.JPG 2602,42,2948,329,0 4806,21,5114,275,0 1760,2125,2310,2358,1
data/image/2000_0101_004704_020.JPG 2885,2458,3268,2800,0
data/image/2000_0101_004713_021.JPG 881,2246,1364,2508,1
data/image/2000_0101_004715_022.JPG 2202,2271,2518,2558,0 4389,2408,4718,2696,0 4906,2463,5106,2679,0
data/image/2000_0101_004718_023.JPG 27,2325,231,2608,0 2164,2508,2481,2742,0 3435,2242,4023,2517,1 2685,2575,2877,2763,0
data/image/2000_0101_004726_024.JPG 4368,529,5073,1638,1 2381,3108,2935,3383,1 1093,3463,1464,3713,0 1652,3488,1835,3675,0
data/image/2000_0101_004728_025.JPG 2027,946,2864,2017,1 3010,163,3239,400,0 148,3508,664,3763,1
data/image/2000_0101_004731_026.JPG 323,879,614,1200,0 3756,767,4102,1146,0 4418,296,4985,588,1 4431,3396,5168,3646,1
data/image/2000_0101_004735_027.JPG 2318,1413,2881,1704,1 3177,2271,3735,3292,1 268,38,560,275,0 4714,96,5098,471,0 4939,3521,5173,3796,0 1689,1958,2039,2283,0
data/image/2000_0101_004738_028.JPG 1506,996,1848,1300,0 4218,275,4573,513,0 3498,1463,4685,1904,1 3873,2133,4673,2479,1 64,3133,531,3883,1
data/image/2000_0101_004740_029.JPG 1243,508,1564,733,0 2806,779,3339,975,1 2856,1008,3531,1192,1 543,1729,1598,2008,1 839,2417,1627,2650,1
data/image/2000_0101_004743_030.JPG 2577,404,3527,808,1 2760,2608,4023,3042,1 1085,1363,1277,1708,1
data/image/2000_0101_004745_031.JPG 2118,1146,3389,1533,1 4806,1529,5168,1875,0
data/image/2000_0101_004747_032.JPG 1818,1963,2218,2375,0 2910,929,4081,1288,1 10,1642,293,1888,1
data/image/2000_0101_004751_033.JPG 3002,2967,3289,3279,0
data/image/2000_0101_055929_001.JPG 777,1713,1064,1983,0 2102,2767,2452,3033,0 3410,33,4118,229,1
data/image/2000_0101_055933_002.JPG 2539,308,3327,1242,1 1735,2396,2489,2721,1 4277,1675,4623,1963,0 1668,3346,1943,3554,0 1993,3413,2193,3683,0
data/image/2000_0101_055937_003.JPG 2452,650,3360,1663,1 402,2996,1023,3333,1
data/image/2000_0101_055942_004.JPG 3452,2283,4093,2596,1 60,2304,514,2675,0 2273,2500,2623,2808,0 2793,2613,3002,2838,0 1843,1779,2039,1963,0
data/image/2000_0101_055951_005.JPG 1923,2129,2364,2500,0 4193,2388,4510,2692,0 4702,2496,4948,2733,0 3768,1688,3981,1871,0
data/image/2000_0101_055954_006.JPG 1302,2433,1814,2746,1 1202,1504,1327,1642,0
data/image/2000_0101_055957_007.JPG 1953,1,2218,217,0 2239,13,2356,188,0 3018,1263,3352,1529,0 3439,1296,3656,1471,0 3781,1771,3968,1892,0 4927,1408,5027,1575,0
data/image/2000_0101_055959_008.JPG 1985,1500,2306,1779,0 2327,1554,2468,1738,0 3218,2717,3556,2988,0 3660,2750,3831,2929,0 4473,1138,4627,1308,0 4068,3192,4173,3300,0
data/image/2000_0101_060004_009.JPG 1777,2108,2139,2488,0
data/image/2000_0101_060006_010.JPG 2406,613,2877,938,1
data/image/2000_0101_060013_011.JPG 2260,1579,2743,2004,1
data/image/2000_0101_060015_012.JPG 2123,771,2864,1146,1
data/image/2000_0101_060017_013.JPG 2477,1950,2893,2250,1
data/image/2000_0101_060021_014.JPG 2156,1113,2973,1421,1 3418,3196,3610,3492,1
data/image/2000_0101_060026_015.JPG 2098,1042,3214,1492,1 1985,1758,2393,1992,0
data/image/2000_0101_060030_016.JPG 2218,2208,3556,2742,1 3752,713,4748,1225,1 573,2221,1368,2646,1 3823,2954,4227,3267,0
data/image/2000_0101_060039_017.JPG 3693,1392,4502,1717,1 106,121,1348,613,1 81,800,552,1179,0
data/image/2000_0101_060046_018.JPG 1614,900,2106,1196,1
data/image/2000_0101_060050_019.JPG 3027,892,3352,1379,1
data/image/2000_0101_060053_020.JPG 2218,1146,2973,2108,1
data/image/2000_0101_060057_021.JPG 2839,1000,3602,2117,1
data/image/2000_0101_060104_022.JPG 2189,1663,2589,2079,0
data/image/2000_0101_060112_023.JPG 1939,1908,2231,2150,0 2252,1963,2398,2171,0 4464,1854,4573,1975,0 2898,3288,3293,3479,0 3402,3313,3606,3483,0 4798,3475,4956,3625,0
data/image/2000_0101_060114_024.JPG 2848,388,3356,683,1 1993,1146,2218,1296,0 481,2483,814,2763,0 914,2563,1089,2708,0
data/image/2000_0101_060118_025.JPG 2993,946,3460,1192,1 1485,2200,2314,2467,1 231,8,902,117,1
data/image/2000_0101_060123_026.JPG 2498,1642,3060,1863,1 2968,2054,3318,2408,0 3581,2563,3864,2854,0 4585,3583,4877,3838,0 3302,2996,3793,3225,1
data/image/2000_0101_060125_027.JPG 1098,46,1660,279,1 1906,2804,2835,3742,1 1948,1454,2248,1621,1 1552,500,1873,846,0 2098,1025,2406,1325,0 3114,2079,3352,2379,0
data/image/2000_0101_060129_028.JPG 1460,738,1706,1025,0 2348,3025,2689,3296,0 3093,2688,3648,2946,1
data/image/2000_0101_060132_029.JPG 2348,1983,2927,2246,1 2806,3042,3652,3871,1 1648,2363,2006,2642,0 643,146,1014,450,0
data/image/2000_0101_060136_030.JPG 743,2204,1098,2579,0 3614,2063,4073,2396,0 2727,3296,3735,3533,1 3727,104,4664,321,1
data/image/2000_0101_060138_031.JPG 1468,83,2264,317,1 2693,2658,3214,2929,1 2702,2946,3335,3163,1 268,3338,1443,3521,1 1248,2100,1523,2388,0
data/image/2000_0101_060141_032.JPG 3164,1,4139,279,1 2177,2121,3235,2363,1 1048,50,1360,271,0
data/image/2000_0101_060145_033.JPG 3060,596,3935,833,1 2218,3063,3464,3317,1
data/image/2000_0101_060148_034.JPG 3489,838,4202,1083,1 1493,2579,2656,2788,1 318,3338,643,3713,0
data/image/2000_0101_060155_035.JPG 2573,1750,2973,2058,0
data/image/2000_0101_060202_036.JPG 2127,2304,2510,2563,0 1823,1767,2060,2808,1
data/image/2000_0101_060205_037.JPG 1960,2838,2889,2996,1 2185,3013,2893,3163,1
data/image/2000_0101_060209_038.JPG 493,1829,1364,2175,1 4223,1863,4464,2079,0 1,1088,206,1329,0
data/image/2000_0101_060212_039.JPG 1935,1075,2273,1392,0 2560,1900,3477,2142,1
data/image/2000_0101_060216_040.JPG 1035,908,1439,1196,0 1360,1225,1543,1442,0
data/image/2000_0101_060224_041.JPG 1402,1479,1785,1754,0 3043,1946,3318,2238,0 1835,1617,1985,1796,0
data/image/2000_0101_060227_042.JPG 3043,1188,3323,1475,0 1423,2875,1689,3158,0 1614,3208,1781,3388,0 827,3042,1393,3263,1 585,2479,1152,2750,1
data/image/2000_0101_060230_043.JPG 1260,1171,1543,1642,0
data/image/2000_0101_060234_044.JPG 3635,1004,3985,1313,0 3802,858,4027,992,0 1218,1375,1423,1542,0
data/image/2000_0101_060239_045.JPG 739,1083,1356,1338,1 1002,1629,1585,1879,1 3723,2771,4293,3058,1 1018,2846,1406,3075,1 1623,1538,1873,1763,0 1743,1838,1985,2058,0
data/image/2000_0101_060243_046.JPG 2539,521,2881,775,0 4135,1008,4439,1233,0 2948,663,3110,842,0 314,2750,910,2963,1
data/image/2000_0101_060245_047.JPG 381,975,727,1288,0 2060,2921,2735,3163,1 2614,3408,3014,3654,0
data/image/2000_0101_060247_048.JPG 4518,1396,5184,1620,1 2364,1442,2760,1800,0 2877,2975,3218,3238,0
data/image/2000_0101_060249_049.JPG 3256,1071,3577,1438,0 1243,1183,1948,1467,1
data/image/2000_0101_060251_050.JPG 4327,1521,5184,1773,1 3856,700,4243,1096,0 789,1167,1102,1383,0 4327,3483,4839,3858,0 2202,2804,2485,3013,0
data/image/2000_0101_060253_051.JPG 2560,750,2931,1104,0 3202,3521,3568,3808,0 3302,1458,4239,1775,1
data/image/2000_0101_060255_052.JPG 1,1635,814,1879,1 3527,1354,3798,1650,0
data/image/2000_0101_060257_053.JPG 3218,1225,4110,1383,1 3493,1400,4114,1554,1 2189,3521,3360,3688,1 1114,1417,1406,1663,0
data/image/2000_0101_060302_054.JPG 1435,1271,1793,1604,0 2573,2817,3348,3083,1
data/image/2000_0101_060304_055.JPG 2598,2292,3293,2608,1
data/image/2000_0101_060306_056.JPG 1423,1904,2752,2246,1 85,3267,1098,3488,1
data/image/2000_0101_060314_057.JPG 2281,1425,3398,1783,1 839,2063,1306,2471,0
data/image/2000_0101_060316_058.JPG 1564,1179,2764,1671,1 4135,2196,4485,2529,0
data/image/2000_0101_060319_059.JPG 2627,733,3535,1063,1 2135,2988,3414,3321,1
data/image/2000_0101_060323_060.JPG 681,1750,1793,2204,1 3214,1658,3714,1929,1 3168,1942,3827,2279,1 718,2429,1548,2842,1 1806,667,2189,1092,0
data/image/2000_0101_060326_061.JPG 589,1917,906,2271,0 1431,3496,1689,3754,0 3648,1367,4352,1954,1 3806,858,4718,1342,1
data/image/2000_0101_060329_062.JPG 2339,479,3443,1158,1 1068,1767,1785,2325,1 598,2638,868,2879,0 3689,2254,4002,2654,0 906,2825,1035,3063,0
data/image/2000_0101_060332_063.JPG 856,1142,1623,1683,1 2106,1842,2352,2179,0 4352,2354,4652,2625,0 4681,2600,4773,2808,0 3431,3042,3598,3225,0
data/image/2000_0101_060334_064.JPG 1068,1071,2302,1671,1 4431,1521,5023,2071,1
data/image/2000_0101_060339_065.JPG 2006,1825,2381,2196,0
data/image/2000_0101_060344_066.JPG 1902,2029,2331,2463,1 1185,1,1456,242,0
data/image/2000_0101_060347_067.JPG 823,2133,1310,2383,1 4723,1071,5184,1349,1
data/image/2000_0101_060350_068.JPG 1810,3071,2614,3358,1 4235,1121,4631,1542,0 2518,1383,2952,1771,0
data/image/2000_0101_060352_069.JPG 573,1700,1060,2158,0 1581,571,1910,946,0 4289,1658,4831,2283,1
data/image/2000_0101_060354_070.JPG 1385,1517,1960,2171,1
data/image/2000_0101_060357_071.JPG 3039,1554,3898,1908,1 4810,1146,5184,1379,1 1,949,523,1267,1
data/image/2000_0101_060401_072.JPG 864,2183,1643,2471,1 2568,1754,3806,2183,1 3639,17,4556,321,1 4243,2117,4556,2442,0
data/image/2000_0101_060407_073.JPG 2152,1588,3368,1975,1 498,1979,1264,2317,1 3877,1975,4206,2329,0
data/image/2000_0101_060414_074.JPG 1848,1608,2260,1883,1
data/image/2000_0101_060417_075.JPG 2352,1433,2764,1896,1
data/image/2000_0101_060421_076.JPG 923,1433,1848,2213,1 4023,1288,4798,1754,1
data/image/2000_0101_060426_077.JPG 2039,1208,2564,1538,1
data/image/2000_0101_060430_078.JPG 2614,2217,3293,2508,1 752,1079,1056,1279,0 1206,1108,1398,1283,0 1531,1563,1681,1725,0 2618,1225,2860,1413,0
data/image/2000_0101_060432_079.JPG 848,67,1456,300,1 2173,2213,2939,2588,1 3423,992,4089,1271,1
data/image/2000_0101_060434_080.JPG 1535,842,2218,1146,1 2023,1321,2385,1625,0 2664,1813,2964,2067,0 3664,2750,4010,3063,0 2493,2192,2868,2421,1 3056,3513,3473,3888,1
data/image/2000_0101_060436_081.JPG 3131,633,3543,983,0 4214,2863,4556,3138,0 748,2392,1093,2742,0 2,3146,618,3838,1 4848,2438,5184,2687,1
data/image/2000_0101_060438_082.JPG 1264,2067,1768,2338,1 1860,3075,2502,3888,1 502,2450,852,2804,0 3839,1038,4243,1508,0
data/image/2000_0101_060439_083.JPG 2227,792,2485,1067,0 3673,1208,4331,1492,1 3698,1513,4373,1721,1 1398,2088,2468,2288,1 1685,2725,2385,3021,1
data/image/2000_0101_060441_084.JPG 418,1196,973,1350,1 3789,79,4831,392,1 3864,2292,5077,2708,1 3827,3575,4593,3858,1 481,1379,1077,1575,1 2306,854,2460,1217,1
data/image/2000_0101_060444_085.JPG 481,1783,1610,2250,1 435,3092,1156,3421,1 4293,2404,4698,2704,0
data/image/2000_0101_060446_086.JPG 2756,54,3131,396,0 1602,2408,1977,3133,1
data/image/2000_0101_060449_087.JPG 481,1696,1614,1921,1 4168,1454,5184,1777,1 2977,2350,3443,2704,0
data/image/2000_0101_060451_088.JPG 414,2604,739,2983,0 1514,1779,2793,2129,1 3427,63,4281,288,1
data/image/2000_0101_060453_089.JPG 3785,63,4993,375,1 2277,1296,3302,1583,1 489,2954,1631,3229,1
data/image/2000_0101_060456_090.JPG 2781,1646,4031,1996,1 1227,2950,2293,3238,1 202,1150,1014,1421,1
data/image/2000_0101_060500_091.JPG 2902,2029,3185,2413,0
data/image/2000_0101_060527_092.JPG 2910,2088,3239,2425,0
data/image/2000_0101_061729_001.JPG 2856,729,3173,1346,1 1856,3358,2181,3854,1 531,1971,931,2733,1
data/image/2000_0101_061733_002.JPG 3118,1550,3356,2167,1 2543,1800,2848,2388,1 256,1554,548,2083,1 2760,2425,3031,2729,0 2468,2600,2702,2804,0 1402,1904,1639,2279,0
data/image/2000_0101_061735_003.JPG 1598,1763,1848,2204,1 4985,2046,5184,2480,1 2855,1,3039,108,0 2814,229,2989,413,0 2689,1633,2860,1813,0 2364,567,2502,683,0
data/image/2000_0101_061738_004.JPG 264,1379,635,1788,0 4523,475,4752,817,0 3293,2375,3606,2846,1
data/image/2000_0101_061742_005.JPG 3410,1779,3677,2033,0 3431,2063,3614,2221,0 1960,2763,2310,3083,0 2035,3200,2223,3392,0 1510,3500,1743,3663,0
data/image/2000_0101_061745_006.JPG 4143,1458,4406,1771,0 4418,1579,4539,1750,0
data/image/2000_0101_061749_007.JPG 2598,1167,2802,1708,1 2027,1454,2243,1983,1 873,1604,1039,1929,1 2198,2013,2423,2308,0 1927,2225,2139,2392,0 3977,3500,4418,3825,0
data/image/2000_0101_061751_008.JPG 3027,688,3223,983,0 2610,2254,2898,2575,0 2985,1071,3148,1238,0
data/image/2000_0101_061753_009.JPG 2781,2054,3031,2613,1 4610,204,4835,521,0 2256,2583,2593,2896,0 1860,3167,2160,3488,0
data/image/2000_0101_061756_010.JPG 2343,1696,2723,2179,1 2173,388,2439,713,0 2143,929,2364,1129,0
data/image/2000_0101_061759_011.JPG 3810,1092,4806,1879,1
data/image/2000_0101_061802_012.JPG 2981,3396,3988,3888,1 1664,2425,2089,3217,1 4681,2850,5052,3383,1 4339,2125,4585,2475,0 768,2342,956,2688,0 177,121,581,463,0
data/image/2000_0101_061805_013.JPG 4202,317,4589,671,0 2702,796,3139,1183,0 573,1917,923,2250,0 4443,2379,4748,3133,1 943,2592,1323,3225,1
data/image/2000_0101_061807_014.JPG 2148,2454,2623,3175,1 2102,388,2360,746,0 631,888,1039,1200,0
data/image/2000_0101_061816_015.JPG 2598,1996,2935,2988,1 1364,225,1877,1429,1 810,3267,1205,3888,1
data/image/2000_0101_061819_016.JPG 1856,296,2302,1146,1 3393,2033,3839,3092,1 52,1625,481,2417,1
data/image/2000_0101_061823_017.JPG 3543,983,3910,2063,1 1260,2858,1935,3354,1 4214,1692,4598,2138,0
data/image/2000_0101_061826_018.JPG 1006,250,1606,1542,1 1373,2471,1935,3225,1
data/image/2000_0101_061829_019.JPG 1389,1796,1914,3075,1 1835,971,2223,1396,0
data/image/2000_0101_061834_020.JPG 2331,342,2660,1588,1 3489,2021,3977,3042,1 1756,3383,2062,3888,1
data/image/2000_0101_061837_021.JPG 2748,1313,3264,2304,1 4743,208,5048,1142,1
data/image/2000_0101_061839_022.JPG 2331,1767,2835,3008,1 818,104,1277,967,1
data/image/2000_0101_061842_023.JPG 3368,717,3635,1904,1 1018,2629,1864,3229,1 4031,1458,4381,1879,0
data/image/2000_0101_061845_024.JPG 1885,1671,2264,2104,0 1235,971,1689,2104,1
data/image/2000_0101_061849_025.JPG 1,127,273,508,0 1152,783,1598,1296,0 1639,2517,1981,2933,0 3389,2667,3643,3538,1
data/image/2000_0101_061852_026.JPG 2956,1271,3310,2417,1 623,1154,1177,2238,1 4135,1888,4473,2592,1
data/image/2000_0101_061854_027.JPG 4473,3254,4689,3763,1 4714,3079,4927,3754,1 1806,1046,2056,1388,0
data/image/2000_0101_061856_028.JPG 2248,1213,2448,1742,1 1998,1233,2189,1683,1 3210,3217,3460,3854,1 2535,3104,2852,3871,1 1277,2846,1673,3204,0
data/image/2000_0101_061902_029.JPG 793,967,1227,1300,0 4339,2179,4668,2729,0 1164,2883,1560,3229,0
data/image/2000_0101_061907_030.JPG 1573,2125,1985,2921,1 4339,1154,4514,1692,1 4552,1175,4760,1679,1 4943,3025,5160,3825,1 3623,2850,4027,3183,0 848,3325,1235,3654,0
data/image/2000_0101_061910_031.JPG 3414,3217,3856,3650,0 4206,2017,4652,3029,1
data/image/2000_0101_061916_032.JPG 2293,933,2718,2179,1 3485,1517,3823,2300,1 60,850,443,1871,1 4223,3550,4841,3888,0
data/image/2000_0101_061919_033.JPG 2035,2154,2402,2608,0 727,1525,1131,1796,0
data/image/2000_0101_061924_034.JPG 3918,779,4589,1367,1 977,879,1364,2221,1
data/image/2000_0101_061928_035.JPG 2189,729,2506,1554,1 4643,1229,4968,2463,1 685,2329,998,2638,0
data/image/2000_0101_061931_036.JPG 3777,1408,4202,2354,1
data/image/2000_0101_061935_037.JPG 4327,1558,4860,2913,1 585,950,1093,1383,0
